-0.254578
0.611419
-0.538118
-0.0120466
-0.0675126
-0.299538
0.170746
0.0349426
0.242097
-0.569716
-0.277651
-0.217207
-0.209159
0.171046
0.995832
-0.546274
0.203844
0.223076
0.353827
0.716762
-0.175555
-0.125209
0.931148
0.0704596
-0.0311032
0.127425
0.00182909
0.88553
0.937778
0.474185
0.525837
0.517337
-0.0669024
0.317676
0.622328
0.39794
-0.0864069
-0.523508
0.0640694
0.841298
-0.197825
-0.493241
-0.359396
-0.0360825
0.378379
-0.322423
-0.330628
0.176525
-0.628734
-0.0381143
0.00254479
0.304172
-0.0119544
-0.23646
-1.02232
0.147579
0.50165
-0.152085
-0.913484
0.416638
0.697501
0.735859
-0.0391018
-0.0207749
0.142064
0.575075
0.499816
0.44173
-0.211573
-0.260847
0.18407
-0.541898
0.565532
0.136294
0.344716
-0.315858
-0.273581
-0.570366
-0.726901
0.739316
-0.302109
-0.166378
0.0608732
-0.365874
0.0533509
1.49538
0.565766
0.110149
0.446243
0.0966641
0.0582653
-0.168932
-0.251536
0.0612278
-0.250362
-0.324342
-0.296212
-0.251312
0.0564898
0.00762118
0.205682
-0.284405
-0.405673
-0.428827
-0.359019
0.0775139
0.354291
0.204341
0.260029
0.0702732
-0.299408
0.0197576
0.057871
0.133275
0.0992077
-0.282344
-0.114355
-0.560918
0.101468
0.0595694
-0.0711769
-0.179016
0.200411
-0.467952
0.129185
-0.216389
0.367699
-0.0911326
-0.200939
-0.489212
-0.253346
0.00846194
-0.458817
-0.182129
-0.0760978
0.351226
0.179191
-0.288617
-0.267549
-0.170981
0.0531118
0.919085
-0.0839195
-0.605497
-0.342698
0.149796
0.539169
0.373095
0.217692
-0.13029
