-0.216299
0.0916944
-0.169132
0.0451631
0.00978833
-0.222543
-0.0888264
-0.0924004
0.0286209
-0.22963
-0.0673851
-0.181395
-0.212997
-0.113162
0.0967029
-0.0283058
0.0807199
0.00980465
-0.0722028
0.0461792
0.116575
-0.00705436
0.24437
-0.0372793
0.0168423
-0.0362718
-0.0471543
0.308458
0.354862
0.105226
-0.019727
0.0605903
0.0660836
0.273857
0.244627
-0.190978
-0.24863
-0.25875
0.106628
0.339106
-0.219368
-0.312523
-0.326178
-0.277999
-0.0363677
0.0415087
0.0540722
0.0497707
-0.35326
-0.207486
-0.18107
-0.155601
-0.185959
-0.0112422
-0.0882967
-0.186211
-0.248767
-0.249108
-0.353883
0.272068
0.0960656
-0.0183374
-0.147146
-0.175843
-0.144662
0.18732
0.187866
0.160452
-0.119829
-0.190527
0.155215
-0.0858343
0.23402
0.163695
0.198233
-0.0835633
-0.0907461
-0.203639
-0.298761
0.202098
-0.141374
-0.100805
0.0261788
-0.147663
-0.0517854
0.430434
0.11253
0.0123317
0.110117
-0.0145644
-0.0316846
-0.0451997
-0.0786593
0.0158593
-0.0505891
-0.0332613
-0.0472533
-0.153936
-0.0439249
0.0354895
0.0528017
-0.095379
-0.194483
-0.195356
-0.142952
0.0160593
0.142801
0.0304783
0.0674059
0.0299457
-0.0972848
0.0233944
-0.0132921
0.0337583
0.0239317
-0.116354
-0.00484387
-0.188235
0.0679104
-0.00714981
-0.0203208
-0.0464151
0.125116
-0.157793
0.0460076
-0.129917
0.0874813
0.0341819
-0.03755
-0.152667
-0.116584
-0.0821273
-0.139283
-0.0405132
-0.0376618
0.151337
0.0524356
-0.0156854
-0.0681859
-0.0722273
0.0346527
0.231145
-0.0220505
-0.210757
-0.133626
0.112631
0.136158
0.0514028
0.112859
-0.0118532
0.0867037
-0.380525
0.138391
-0.0343111
-0.155726
0.204623
-0.00778008
0.143916
0.148751
-0.165931
0.197829
0.0846027
-0.0739594
0.134655
0.0590304
0.43402
-0.0406955
-0.166411
0.0823104
0.0164831
0.249663
-0.077761
-0.0492364
0.0243629
0.095711
0.0131566
0.157396
0.163342
-0.343624
-0.249635
-0.140681
0.296684
0.3987
0.0766608
-0.419391
-0.140731
-0.0469305
0.250794
0.127094
-0.386249
-0.153683
-0.467351
-0.0597168
0.213283
0.000964508
-0.0873587
-0.248763
-0.172994
0.22636
0.129724
0.0196426
-0.0206865
-0.0199738
0.0276581
0.0399163
0.0657085
-0.0078095
-0.0785856
0.360153
0.190513
0.0597398
0.153504
-0.18421
-0.0853437
0.0643289
-0.0390842
-0.13441
-0.184013
-0.241889
0.148437
0.0786176
0.136227
-0.324489
-0.243947
-0.0359285
0.0162271
0.0530291
-0.0628889
-0.0818205
0.047139
0.00402886
0.147651
0.0432335
0.0394807
0.121477
-0.156361
0.183048
0.15889
0.089333
0.0575279
0.169197
0.192809
0.0983505
-0.01337
-0.0935123
-0.0745353
-0.0175512
0.0614333
0.0600014
0.151241
0.241558
0.128239
0.13249
-0.133272
-0.0572074
-0.0238526
0.1264
0.00757532
0.0599928
0.124242
-0.12228
0.0994907
-0.0544696
-0.152547
0.0805234
-0.225743
-0.342023
0.0418281
-0.125079
-0.180073
-0.145543
-0.276482
-0.304948
-0.0862957
-0.0621123
0.0238505
-0.194932
-0.00735325
0.310936
0.170695
0.277449
0.029496
0.0269534
0.1279
0.18787
0.119865
0.0309345
-0.214204
0.302816
0.111449
0.309143
-0.134597
-0.163202
0.121852
0.181849
0.348169
0.129639
-0.190125
0.0194161
-0.0245075
0.104378
-0.0837142
-0.122903
0.215519
0.193437
-0.040266
-0.158501
0.17396
0.32187
0.221436
0.129144
-0.212053
-0.112325
0.116698
0.156767
0.0160623
-0.111892
-0.0180533
0.139153
0.318984
-0.146967
-0.138072
-0.0753824
-0.0281362
0.133227
-0.22059
0.139564
0.115488
-0.183812
0.11929
-0.124629
0.036283
-0.18472
0.101373
0.10088
-0.0161432
-0.282974
0.0873308
0.028954
-0.0508398
0.153806
-0.459485
-0.188937
0.0153981
0.0850153
-0.161097
-0.023257
0.186352
-0.231266
0.0733977
-0.0480306
-0.351301
0.191196
-0.0337757
-0.0750005
0.386381
0.17919
-0.258799
-0.231911
0.0424901
0.168316
0.115688
0.00476078
-0.226333
0.0256596
-0.102534
0.180586
-0.180906
-0.190889
0.237222
0.185894
-0.219993
-0.199729
-0.0611743
0.125376
-0.0683197
-0.141381
0.310709
0.103034
-0.0275407
0.248666
0.0178493
0.217152
0.0394918
0.215459
-0.0958986
0.237296
0.0205474
0.178531
0.181353
-0.069427
-0.044423
0.317229
0.167069
-0.17929
0.210178
-0.0704451
-0.0608265
-0.0611836
0.106889
-0.0850949
0.0461404
0.0050036
-0.0447166
0.29303
-0.0380494
0.159321
0.108902
-0.0236866
0.0296585
0.147361
-0.315857
0.0499912
0.00436787
-0.223631
-0.0535268
0.22465
-0.0249805
-0.0835202
-0.0475289
0.0639513
0.00193851
-0.114314
0.00943786
-0.123705
0.105789
-0.0217316
0.126598
-0.189029
-0.0841564
0.214278
0.347458
0.0224271
0.0244836
0.0934397
0.192788
0.241242
0.00128101
-0.246307
0.154502
-0.191089
0.271329
-0.151552
-0.0413631
0.0168877
-0.023076
-0.21193
-0.0414439
0.0406813
0.0364933
-0.127989
0.045514
0.0397615
0.0375595
0.124261
-0.252592
-0.200481
-0.248232
-0.123168
-0.154414
0.113412
-0.0465934
-0.0530128
-0.149008
-0.0553104
-0.0656395
-0.0781397
-0.0643141
-0.03821
-0.228544
-0.0107592
-0.0120911
0.0553976
-0.173924
-0.0667623
0.068226
-0.0278862
0.253401
0.158506
0.218598
-0.136423
-0.147555
-0.0303798
-0.0860747
0.197147
-0.171265
-0.404901
-0.20232
-0.268386
0.148421
-0.0840797
-0.07604
-0.246748
-0.484678
-0.32102
0.115471
0.0902995
0.0562116
-0.00418304
-0.0854133
-0.213668
-0.0377828
-0.0971408
-0.191016
-0.247156
-0.303844
-0.295866
-0.252471
-0.0484504
-0.137616
0.131435
0.0733725
0.244327
0.109002
-0.159251
0.129547
0.102205
0.0553227
0.0389443
0.00320449
0.120598
0.10551
0.372767
0.14163
0.143153
0.151796
-0.086807
0.201626
0.191392
-0.205175
0.122039
0.108155
-0.0525253
0.0354574
0.0928558
-0.00164947
0.0071177
0.0583703
0.12049
0.0128407
0.0414185
0.144488
0.0186843
0.172635
-0.166829
0.00137232
0.000934995
-0.00990797
-0.0521704
-0.274972
0.121474
0.173429
0.0419891
-0.0879831
0.234353
0.123899
0.33357
-0.0129953
-0.161328
0.254138
-0.00372601
-0.138516
-0.00455913
-0.0875926
-0.00814519
0.0223099
-0.0322649
-0.023082
0.118008
-0.22844
0.203242
0.163502
-0.302994
0.294294
0.159513
0.117426
-0.0707979
-0.316765
0.239883
-0.0334903
-0.16074
0.0469797
-0.166794
0.100265
0.00778448
0.292553
0.276708
-0.0785976
0.198724
0.0964966
-0.158925
0.0420267
0.144643
-0.085049
0.121824
-0.0438611
-0.111081
0.0554434
0.26128
-0.00792438
-0.048391
0.137682
0.137091
0.0582824
-0.320272
0.0608448
0.260061
-0.0924485
-0.218603
-0.219904
0.129853
-0.109988
-0.275164
-0.106739
0.00773817
0.0755066
0.0359416
-0.114978
0.0175165
0.164907
-0.339841
-0.0970228
0.0629849
0.335044
0.454514
-0.245628
-0.126876
-0.0177949
0.00932955
0.151051
-0.116008
0.00141014
0.114955
0.291621
-0.0457201
0.134936
0.127046
0.189074
0.138842
-0.155696
0.247688
0.0914934
0.121931
-0.399193
-0.117515
0.0629697
-0.230841
-0.27799
-0.0448544
0.0709579
-0.0344399
0.0144169
-0.106951
-0.0212429
0.0096844
-0.191339
0.0214529
-0.0317058
0.159249
0.00969819
0.0657687
0.13
0.177863
-0.0383787
-0.115661
0.109536
-0.0122674
-0.12051
0.0537742
-0.181697
-0.0538807
-0.201076
-0.213831
0.0510542
0.0938908
-0.0181341
0.157459
0.132533
-0.00748875
0.0587325
0.0396804
0.0276287
-0.0669933
-0.0465806
-0.472933
0.0136315
0.0190913
-0.31933
0.019383
-0.00742967
-0.0555808
-0.0421496
-0.013666
0.0154833
-0.0648378
0.0759964
-0.0433326
-0.0501194
0.115147
-0.187412
0.251401
-0.148756
-0.204527
-0.114561
0.163225
-0.179882
-0.124897
-0.0296583
-0.097586
0.195559
0.0424006
0.0274995
-0.0606118
0.158207
0.0213325
-0.0371541
0.166895
0.180609
0.159879
0.0865565
-0.175122
-0.134975
-0.14519
-0.0878962
-0.0802859
0.00536477
0.0865278
-0.136345
-0.0572239
0.112254
0.0328533
-0.114087
0.0867825
-0.271363
-0.162622
-0.0953
0.117966
-0.0470714
0.00268883
-0.136046
-0.0230582
-0.0768203
-0.155214
-0.0805124
0.0639075
0.124333
-0.228029
0.000792154
-0.247507
-0.106197
0.271035
0.0307066
-0.157593
0.0486496
-0.315966
-0.0628363
-0.0184154
-0.111516
-0.0443645
0.0501549
-0.133526
0.0713407
0.0217034
-0.137321
-0.0183987
0.110777
-0.0562785
-0.325935
0.0388019
-0.0274227
-0.106838
-0.0389989
0.226373
-0.218903
-0.0158197
-0.120452
-0.0390965
-0.0146413
0.21708
0.0615805
-0.0874936
0.0563013
0.259356
-0.106467
0.0608734
-0.0388283
-0.00282548
0.136046
0.146965
0.180643
0.018594
-0.376371
-0.181699
0.301923
-0.0374352
0.0853615
-0.0654192
0.0267976
0.202671
-0.0817535
-0.0502433
0.0613295
0.405958
0.130303
-0.264733
0.0309799
0.0327727
0.139066
-0.103564
-0.0313119
-0.00694952
0.0918291
-0.0149241
-0.0880307
0.248237
0.244627
0.0519572
0.129535
0.0671337
-0.0821675
-0.0917836
-0.0726102
-0.10303
0.151724
-0.160079
0.00131337
0.203244
0.121534
0.306232
-0.156553
-0.0539231
0.066798
0.0448993
0.180696
-0.113209
0.031463
0.373797
0.00367565
0.00066371
0.153424
-0.0849652
0.145394
-0.0977222
0.0367497
-0.00319134
0.180912
0.0673904
0.16224
0.252961
0.280176
-0.0234235
0.147113
0.00177785
0.260588
-0.158669
-0.00929996
0.0331906
0.111703
-0.0888429
-0.245141
0.138192
-0.0306669
-0.0425538
-0.0263454
0.0965971
0.138385
0.0535317
-0.0831242
-0.100714
-0.151909
0.080083
0.120599
0.132143
0.227793
-0.125679
-0.135078
-0.155286
-0.00333011
0.0378658
-0.153322
0.028214
-0.113491
-0.229473
0.0615707
0.230115
-0.0747967
0.031711
0.0599533
-0.11981
0.114973
-0.0330161
-0.0659376
-0.045387
0.0055556
0.165349
-0.0460363
-0.0698477
-0.167123
-0.0579915
-0.124633
0.0824305
-0.107079
-0.227818
-0.201633
-0.217282
-0.131713
0.036387
0.13716
-0.163516
0.02666
0.0466712
-0.0170838
-0.0537976
0.0191322
-0.02293
0.0481742
-0.224673
-0.257049
-0.102663
-0.100281
0.0299035
0.177933
0.084425
0.0884816
0.0348295
-0.240652
-0.368759
-0.363601
-0.170105
-0.22486
-0.147649
-0.155717
-0.023955
-0.175527
-0.418166
0.25086
-0.0810672
-0.0266324
0.168283
-0.0463028
0.360031
0.254806
0.247293
0.154859
0.142163
-0.199263
-0.220665
-0.0559674
-0.178508
-0.0191779
-0.271014
-0.188271
-0.226359
-0.160351
-0.0731825
-0.121331
-0.0222754
-0.10015
0.0656117
-0.0459426
0.102122
0.119869
-0.000750128
0.122023
0.352793
-0.161334
-0.0411742
-0.060874
-0.166584
-0.00697336
0.125842
0.184747
-0.0271502
0.0532082
0.148769
0.122146
-0.129423
-0.125431
0.0565
-0.0471231
0.0144922
-0.0233766
0.154043
0.00638173
0.0911504
0.343877
0.345279
0.0759293
0.414835
0.38189
0.139354
0.276106
-0.0454048
-0.0544911
-0.17564
0.0250208
0.198959
0.403976
0.236717
0.1154
-0.0221816
-0.0725896
-0.0300819
-0.063228
0.0497907
0.0317079
-0.0475873
0.117265
0.140814
0.0712448
0.0110711
0.198412
0.0156236
-0.0911593
0.0400894
0.0892484
0.0301328
-0.275932
0.0136292
-0.0316851
0.206536
-0.0585433
-0.0909591
-0.201537
-0.134973
-0.0983149
-0.0719981
0.117589
-0.0217934
0.296425
0.127155
0.120119
0.285165
0.206354
-0.00447356
0.188934
-0.0943623
-0.366212
-0.221542
0.111129
-0.183067
-0.120926
0.205506
-0.0060381
-0.0406034
0.217298
0.0266238
0.12118
0.179264
0.329254
-0.0778522
-0.0782444
0.192757
0.400099
0.0600142
0.1931
-0.112894
0.0424666
-0.0286499
-0.200669
0.00724139
-0.232296
0.0814115
-0.226832
-0.0813467
0.0256638
-0.00557471
-0.0984891
-0.0629298
0.287689
0.148495
0.275204
0.37219
0.0914759
0.078255
-0.00097979
-0.287456
0.0765425
-0.176663
0.296863
0.281705
0.160331
-0.00946965
0.0543127
0.0309638
-0.0285848
-0.0921291
0.316108
0.0698341
-0.105641
0.0653768
0.233973
-0.035214
0.0172777
-0.261252
-0.174203
-0.142699
-0.140124
-0.205367
0.00721993
-0.0555267
0.0669439
0.135875
0.0470814
0.172276
-0.00824222
0.0101443
0.0175978
0.0417497
-0.184252
-0.0316213
-0.049826
-0.19868
-0.0732092
-0.168863
-0.163112
-0.0720182
-0.00874349
-0.262059
-0.128498
-0.3128
-0.22892
-0.0545868
0.0474836
0.137134
0.0294139
0.190659
0.230433
0.237581
0.271962
-0.078758
-0.0440413
0.143039
0.1212
-0.0196604
-0.0181242
0.119149
-0.0927
0.0417959
0.204249
-0.0375327
-0.217859
-0.0845728
-0.0450455
-0.0589953
0.115209
0.0307775
-0.135392
-0.11565
0.100628
0.131872
-0.198479
0.0228802
0.104405
0.00746467
-0.156309
0.169353
0.259355
0.183615
-0.000260493
-0.118837
-0.0683605
-0.279067
0.0268068
0.119568
-0.0105066
-0.0434722
0.0813334
0.0940926
0.0704729
0.198626
-0.0634997
0.096477
-0.263954
-0.0874178
-0.0024247
0.159933
-0.0648886
-0.132095
-0.167902
0.0751955
-0.0677955
0.183529
0.125098
-0.150757
-0.0516678
-0.0469778
-0.149948
-0.153369
-0.0353582
-0.0269759
0.0540391
0.0386783
-0.00526756
-0.0826295
-0.101045
-0.148467
-0.174242
-0.0898654
-0.14198
0.161985
-0.100119
0.0358179
0.0470648
-0.102716
0.0362762
0.00266306
0.41791
-0.118132
-0.198743
0.218281
-0.0734164
0.00330886
-0.0586536
-0.184398
-0.114662
-0.141817
0.0325344
-0.0607875
-0.0716282
-0.275502
-0.0738464
0.0142595
-0.209698
0.0801811
0.199594
0.00373476
0.0419103
0.057134
0.0627556
-0.0610801
-0.101094
0.218538
-0.0474634
0.194793
-0.083109
0.0413876
0.108477
0.107559
-0.0955612
0.169463
0.0979348
0.0480297
0.0709123
-0.0956068
0.0793375
0.147834
-0.00057135
-0.29644
-0.0461766
0.154315
-0.200782
0.0265117
0.119044
-0.0326455
0.0436983
0.107834
0.15384
0.0184954
-0.208746
0.146486
0.139469
-0.033053
0.0277267
-0.120698
0.13065
0.0786328
-0.0766557
-0.119462
0.131037
-0.087508
-0.297115
-0.221602
-0.147449
-0.120177
0.0811307
-0.157277
0.163182
-0.332673
0.0529548
0.204946
0.152699
0.0921945
-0.293091
0.00362382
0.0928044
-0.223619
-0.150887
0.0536591
-0.195529
0.124356
-0.106438
-0.180702
-0.100419
-0.180881
-0.110022
0.00857621
0.00887379
0.0178306
-0.00581726
-0.00131983
-0.0510087
0.0602261
-0.04162
0.00420923
0.0216369
-0.0923536
0.0256686
-0.251675
0.105333
-0.286252
-0.0530929
0.156793
-0.239513
0.0055839
0.0336139
-0.0091929
0.01093
-0.0914785
-0.163455
0.0666626
0.204677
-0.176475
0.0565579
0.144202
-0.0636345
-0.148647
-0.101452
0.181755
-0.150176
-0.106598
0.00090242
-0.273225
-0.0714703
-0.0176591
-0.119191
-0.035475
-0.0745238
-0.217095
-0.110431
-0.109316
-0.258795
0.0546931
-0.194032
-0.140116
-0.0185204
-0.0399334
0.478728
-0.0414707
0.0276876
-0.0231537
-0.0703934
-0.211466
-0.218273
-0.12458
-0.00447919
-0.0206913
0.0309858
-0.0146237
-0.0168859
0.115438
-0.201112
0.00372455
0.202923
-0.29377
0.0157464
-0.0207727
0.0943844
-0.0229817
0.0184207
0.114187
0.0151981
-0.109325
-0.0460599
-0.160304
0.0460829
0.0223954
-0.0687149
-0.187807
0.0494769
0.177091
0.0581072
-0.168334
-0.198365
-0.258946
0.106686
-0.0472865
-0.0476273
-0.0470464
0.0468311
-0.15064
0.110435
-0.0977539
-0.130019
-0.107473
-0.0854739
0.043646
0.064165
-0.0984888
-0.0967527
-0.0942389
0.303619
0.220575
-0.0713017
0.0689517
-0.237177
0.250293
0.239423
0.0225991
0.054746
-0.0329571
0.295545
-0.0446419
0.223328
-0.038373
0.150324
0.207662
0.143341
-0.165991
0.0311839
-0.174461
0.278604
-0.0540437
0.0869215
-0.0700113
-0.221065
-0.0328793
-0.123054
0.100428
0.13434
0.0527204
0.109687
-0.100878
0.0947658
0.127773
-0.102505
-0.0391137
-0.234168
-0.0502079
0.0523956
0.0575344
0.111649
-0.268704
-0.279506
0.030845
-0.183656
-0.0669172
-0.207508
0.0303878
0.0656441
-0.0514554
0.143556
0.180202
-0.163133
0.115932
0.0602748
-0.0627973
0.0642325
-0.106825
0.0307803
0.00368083
-0.0544772
0.113982
-0.054755
0.0329605
0.000112773
0.0456525
-0.0329365
-0.0797595
0.125006
0.0593789
-0.0844177
-0.0118616
-0.0116976
0.156383
-0.000258078
-0.0452728
-0.128357
-0.0750807
-0.106922
0.175481
-0.0259028
0.0209102
0.14559
0.0548111
0.14792
-0.250723
-0.0732008
0.236718
0.204787
-0.0900733
0.0467686
0.0294375
0.0921193
-0.128854
-0.0995067
0.227713
-0.0953825
-0.0851072
-0.0420431
0.0620657
0.132517
-0.129382
-0.0764077
-0.0895992
-0.0296331
0.0143796
-0.13854
0.176042
0.225382
-0.0957636
-0.051657
0.0153749
0.282252
-0.0478328
-0.0922795
0.20815
0.262368
0.154406
-0.0563284
-0.100964
0.35157
0.14762
-0.0566386
-0.0789979
-0.0468743
-0.101779
-0.0430964
-0.285334
-0.0678251
0.0419555
-0.247243
-0.0504893
-0.473133
-0.306365
-0.0754152
-0.114029
-0.298301
-0.158242
0.0436159
-0.0177235
-0.10319
-0.0790334
0.133428
0.157539
-0.0155713
-0.157319
0.0397417
0.209073
0.243962
0.060295
-0.105913
-0.100144
-0.101333
-0.00498065
-0.00887978
0.103439
-0.0908217
-0.0642034
0.0561063
-0.0515321
0.188466
-0.0679291
0.101904
-0.000616159
0.0943645
-0.093442
0.132476
0.132743
0.0444157
0.0278852
-0.0250676
-0.0691284
0.180447
0.0735554
-0.0206958
-0.117617
0.0384519
-0.0444768
-0.0673224
-0.23885
0.126602
0.0970429
-0.0865079
-0.165095
-0.134083
0.0305049
0.00552543
0.183962
0.145089
-0.107215
-0.0299039
0.408189
0.175638
0.215034
0.0873591
-0.00696722
0.232715
-0.0280361
0.116261
0.126952
-0.0609819
0.00330504
0.0728989
0.22441
0.187295
-0.010702
-0.113384
-0.116031
-0.280794
0.262192
0.1617
0.0730655
-0.0558026
-0.218145
0.0096844
-0.042498
0.0295696
0.0262222
0.0383677
-0.303126
0.0449968
-0.13848
-0.01437
-0.0688544
0.071881
0.13353
0.0465275
-0.116338
-0.136044
0.104678
0.109994
-0.207038
-0.265413
-0.0740343
-0.014257
0.216691
-0.142412
-0.178332
-0.00433007
0.0934525
0.131631
-0.231702
0.0466133
-0.119674
-0.0270352
0.113117
-0.0406649
0.040229
-0.0516038
0.0333052
-0.0551855
0.166992
0.321303
0.217607
0.0423334
0.380708
0.114062
-0.00418462
0.0710971
0.0170661
0.170195
-0.208606
-0.00641023
0.142577
0.210763
0.0223751
0.17759
-0.0209515
0.00699551
-0.14731
0.00187189
0.0947342
-0.0534803
-0.142662
-0.0081727
0.135378
-0.166638
0.109681
-0.172689
0.109757
-0.068807
-0.16742
0.0279196
-0.0072385
-0.07317
-0.0931742
-0.025898
0.118238
-0.0703448
-0.0861601
0.0697411
0.254605
0.150584
-0.264352
0.104037
0.222864
0.0436232
0.0843338
0.043454
-0.166471
0.0749993
-0.049728
0.0495716
0.156078
-0.043885
0.0466742
-0.124725
0.0456977
0.0253138
-0.0850565
-0.1395
0.186861
0.0845521
0.20232
-0.174957
-0.0156175
0.0934712
-0.0417615
0.052541
-0.0237024
0.18669
-0.0472939
-0.0364053
0.108108
0.0267998
-0.0888631
0.0486308
-0.0924389
0.030605
-0.208591
0.103222
-0.126436
-0.144414
-0.0295072
-0.178991
0.0910623
-0.154046
-0.15083
-0.13759
-0.120957
0.0299747
-0.103174
-0.0280839
-0.0952706
-0.231622
0.0964447
0.0259842
0.0842863
-0.0682713
-0.18056
-0.122403
0.141372
-0.0205475
-0.0279656
-0.214402
-0.0843426
-0.0675232
0.0523164
-0.00548508
-0.25956
-0.0335575
-0.0696421
-0.119508
0.0461053
-0.150294
-0.166597
-0.107045
0.0594452
-0.239066
-0.236104
-0.176604
-0.0692832
0.0376479
-0.0741382
0.00138123
0.06876
0.0853947
0.0466109
-0.0512391
-0.121383
0.0560499
-0.293297
0.0139386
-0.178812
0.00818906
-0.0335624
-0.398614
-0.015056
-0.277344
-0.0378241
-0.0468196
0.208014
-0.0125664
-0.144115
0.0430868
-0.0582671
-0.0283725
0.0975408
0.0536016
-0.111012
-0.229807
-0.0116056
0.0930186
0.0995836
-0.044715
-0.126144
0.0221651
0.130028
-0.186269
-0.21584
-0.139624
-0.00730573
0.0519001
0.121091
-0.173613
0.0242019
-0.117723
0.407984
0.165284
-0.341559
-0.195295
-0.15571
-0.255372
-0.164953
-0.184192
-0.164246
0.244945
0.0477027
0.123219
0.00732991
-0.171806
0.185571
0.091995
0.102568
-0.0764545
-0.163285
0.301876
0.00183671
0.00279177
-0.150398
-0.143472
0.208273
0.155804
-0.011897
-0.171962
-0.0124572
0.206383
-0.103467
-0.140173
-0.11789
-0.282849
-0.267285
-0.0973676
0.0225733
-0.0630611
-0.110537
-0.250615
0.203073
0.234493
-0.246433
-0.0586553
-0.232072
0.101289
0.0049609
0.000276043
-0.229758
-0.216705
-0.0365725
0.153409
-0.157042
0.0479193
-0.327383
0.250175
0.419501
-0.186452
-0.0941706
0.0628637
-0.0982473
-0.0980766
0.10473
0.173086
-0.120359
-0.0233719
-0.0335993
-0.0679172
0.0712591
-0.0545569
-0.171602
-0.133192
0.0853662
-0.0923065
0.0318872
-0.107745
0.154873
0.0266775
0.0251679
0.246901
0.0507581
0.0831178
-0.274479
0.063732
-0.13685
0.0187721
-0.0127705
-0.157411
0.150818
0.0357886
-0.171092
0.0730392
-0.0757392
-0.0116259
-0.11743
-0.0535908
0.00986285
-0.0851314
-0.186364
-0.131489
-0.0800548
0.0126986
-0.0202927
-0.144973
-0.123538
-0.137576
-0.0804389
-0.0272577
-0.157369
-0.0258223
0.0435038
0.0959749
-0.113704
-0.097159
-0.144664
0.0519523
0.106322
-0.110813
-0.0721395
-0.0924697
0.0558655
0.112495
-0.100175
-0.164647
-0.184813
0.0544657
0.253083
0.106055
-0.0600147
0.0209788
-0.0334145
0.140719
-0.0256542
0.0943111
0.190869
0.0256269
-0.27565
-0.102932
-0.0260209
0.0936654
-0.0339091
-0.23242
0.176059
0.104699
-0.0593177
-0.227439
-0.193459
0.0649465
-0.262764
-0.0506117
-0.232553
-0.204805
0.136866
0.0188145
-0.385448
-0.0343443
0.174247
-0.28535
0.180676
0.150377
-0.00644535
-0.31026
-0.121957
0.149593
0.06856
0.0262921
0.00597357
0.248272
0.0177035
0.124906
0.129522
-0.233292
-0.0333582
0.135507
0.19987
-0.0112829
-0.171927
-0.0547155
0.0757843
0.112837
-0.164842
-0.342213
0.0369179
0.0464628
-0.0314694
0.067062
0.24737
-0.0615453
-0.186271
0.0763627
0.325384
0.0627822
0.00545382
-0.0477372
0.0854175
0.260952
-0.305529
-0.113553
0.112303
0.0386737
0.0130492
-0.346891
-0.131396
0.0510807
-0.0929162
-0.0661343
-0.133867
0.151971
0.0847551
-0.0545411
0.0436658
0.0821525
-0.100839
-0.164768
0.242243
-0.010571
0.272347
-0.154117
0.0488259
0.122695
-0.276182
-0.0387987
0.0590962
0.288935
0.00302191
0.00154209
-0.00303143
0.0839816
0.168659
0.186147
0.0216304
-0.0609973
-0.147476
0.00801313
0.153632
-0.108462
0.116897
0.116954
0.043954
-0.0801884
0.0649225
-0.00492813
-0.201144
0.120454
-0.0910745
0.0872674
-0.00196883
0.0925402
-0.0212097
-0.0696942
0.0319225
-0.029732
-0.0397814
-0.012446
0.202915
-0.156446
-0.0403193
0.055728
-0.190484
0.0640455
-0.143674
-0.0674869
-0.172675
-0.0677152
0.180791
-0.109468
-0.0019032
0.000256041
-0.0652491
-0.157044
-0.0801032
0.0284364
-0.137967
0.00762756
-0.123201
0.0754005
-0.114901
-0.0106896
0.243797
0.0421716
0.0683317
0.0624739
-0.132884
0.102875
-0.0312538
0.0138103
0.206157
-0.139476
-0.127634
0.270735
0.0954854
0.112523
-0.192758
-0.0605293
0.0352765
-0.192605
0.0650633
-0.133775
-0.138332
-0.0864547
-0.0136984
-0.0699699
-0.0319023
-0.0398869
0.0190303
-0.0397652
-0.0132561
-0.108599
-0.382686
-0.345165
-0.238699
-0.33555
0.170404
0.0187104
-0.0951709
0.014928
0.220466
0.194867
0.26303
0.171493
0.248138
0.132901
0.0170771
0.238214
0.274189
0.242867
0.066866
-0.0323986
-0.324069
-0.13193
-0.125104
-0.319759
0.223394
0.236271
0.249273
0.0201168
-0.0403575
0.0739322
0.157329
0.250421
0.321239
0.0654298
0.0189317
-0.0740969
-0.0967942
0.203369
-0.100793
-0.329387
-0.160818
-0.219561
-0.26267
-0.153612
-0.291593
-0.131202
-0.294861
-0.123158
-0.0369131
0.0926832
0.460753
0.102586
-0.110651
-0.0843729
-0.150423
-0.0827002
-0.0162704
0.337659
0.103456
-0.0226325
0.0337625
0.249619
-0.0404517
0.0718754
-0.0296667
-0.0315009
-0.165835
-0.137525
-0.166693
-0.187947
-0.0146104
-0.250437
-0.0784102
-0.166232
-0.0259978
-0.00218552
0.0617135
-0.115953
-0.236885
0.0910101
-0.161335
0.244375
0.145986
0.12368
-0.113646
-0.0880797
-0.00678566
-0.0498376
-0.174876
0.0175201
-0.114755
0.0244041
-0.0108682
-0.0737497
-0.027946
-0.00142722
-0.157548
0.0515575
-0.0703512
0.0593081
-0.0513043
0.0117026
0.0170931
-0.217019
0.053236
0.144956
-0.0755907
0.0367418
0.0866392
-0.0742894
-0.206554
-0.0748553
-0.211217
-0.00866576
-0.0922516
0.0491273
0.0625524
-0.180688
-0.107721
-0.0642566
-0.0751305
-0.0407248
0.0842476
-0.115644
-0.173127
0.0206088
0.0650678
-0.0445656
-0.108586
-0.0943721
-0.132491
0.040277
-0.0012706
-0.0045531
0.158896
0.207817
-0.0066211
0.0130545
-0.018523
0.00715949
0.0858715
-0.333772
0.0111535
0.297736
-0.0764514
-0.114322
0.0398188
0.17669
0.252269
-0.0671443
0.196589
-0.0321826
-0.177822
-0.24095
0.0902255
0.142583
-0.0566172
-0.253624
-0.245178
0.184594
0.275703
-0.107099
0.251916
-0.290037
-0.503497
-0.104526
0.233227
0.341373
-0.0978464
-0.219969
0.141264
-0.0918528
-0.0880483
0.231642
-0.0185274
-0.0724378
0.136762
0.0136358
-0.12657
-0.0896036
0.0708769
0.197525
-0.0934623
-0.0212192
-0.0728687
-0.193683
0.212533
-0.0270897
0.0357153
-0.372188
-0.108872
-0.0657904
0.120908
0.250772
0.0279421
-0.091011
-0.416788
0.0388758
-0.150592
0.10884
0.283085
0.300589
0.0956322
-0.0248484
0.106433
0.224142
-0.0410501
0.132363
-0.0587097
-0.135898
0.192715
-0.105047
0.00524723
0.0847346
0.00296705
0.0327364
-0.00637799
0.0247198
0.0612055
0.159936
-0.0449388
0.369934
0.0388022
0.00907827
0.0567814
0.16673
-0.268463
0.039018
-0.16775
-0.0638195
0.16942
-0.033371
-0.0101962
0.0392452
-0.239248
0.0425918
0.0126377
0.0872881
-0.260559
0.0532245
-0.0875294
-0.0552509
0.0809091
-0.130507
0.0182768
-0.191338
-0.0256894
-0.124463
0.0816787
-0.147077
0.103218
0.196146
0.206659
0.0163698
0.212548
-0.0642375
0.043828
0.147516
0.0705539
-0.032
0.0237965
0.118578
0.0594147
0.0776351
0.327214
-0.0187964
-0.101852
0.151558
0.0439626
-0.297184
-0.201336
-0.0909541
0.110299
-0.0984613
