-0.0598678
0.0545616
0.0380063
-0.00956
0.00760241
0.0195188
0.152261
-0.000795164
-0.0195605
0.0456829
-0.00299215
-0.00760414
-0.00563802
-0.0651565
0.0452777
0.0537776
0.0179157
0.0212112
0.0502076
0.0450929
-0.0053682
0.00393104
0.0468865
0.0454673
-0.000137174
-0.0390725
-0.0159767
0.0676612
-0.0191252
0.0984744
-0.00458334
-0.00742233
-0.0493804
-0.123883
0.0990524
-0.0020407
0.00768163
0.010858
-0.0101397
0.0691748
-0.0145747
-0.0196803
0.0333758
-0.0073391
-0.0765959
-0.0132725
-0.0198092
-0.0149277
-0.00228994
0.0780434
0.0332594
-0.0248738
0.0227678
-0.0194996
-0.124312
0.0248548
0.00627098
-0.0316972
-0.0203657
-0.0116899
-0.0269072
0.0263356
-0.00740644
0.0548658
0.00992445
-0.0134899
0.0609288
-0.0407804
0.00753248
-0.01243
-0.00187788
0.0236177
-0.00206547
0.0279626
0.00258269
-0.0313163
0.0104402
0.0336388
0.0175753
0.0218032
-0.0557579
0.050441
0.0129953
-0.0452496
